return {
  version = "1.1",
  luaversion = "5.1",
  tiledversion = "1.1.5",
  orientation = "orthogonal",
  renderorder = "right-down",
  width = 50,
  height = 30,
  tilewidth = 32,
  tileheight = 32,
  nextobjectid = 1,
  properties = {},
  tilesets = {
    {
      name = "tileSet",
      firstgid = 1,
      filename = "tileSet.tsx",
      tilewidth = 32,
      tileheight = 32,
      spacing = 0,
      margin = 0,
      image = "imagesTileset/tileSet.png",
      imagewidth = 320,
      imageheight = 128,
      transparentcolor = "#000000",
      tileoffset = {
        x = 0,
        y = 0
      },
      grid = {
        orientation = "orthogonal",
        width = 32,
        height = 32
      },
      properties = {},
      terrains = {},
      tilecount = 40,
      tiles = {}
    },
    {
      name = "Tilesets",
      firstgid = 41,
      filename = "imagesTileset/Tilesets.tsx",
      tilewidth = 32,
      tileheight = 32,
      spacing = 0,
      margin = 0,
      image = "imagesTileset/Tilesets.png",
      imagewidth = 800,
      imageheight = 600,
      tileoffset = {
        x = 0,
        y = 0
      },
      grid = {
        orientation = "orthogonal",
        width = 32,
        height = 32
      },
      properties = {},
      terrains = {},
      tilecount = 450,
      tiles = {}
    }
  },
  layers = {
    {
      type = "tilelayer",
      name = "Calque de Tile 1",
      x = 0,
      y = 0,
      width = 50,
      height = 30,
      visible = true,
      opacity = 1,
      offsetx = 0,
      offsety = 0,
      properties = {},
      encoding = "lua",
      data = {
        2, 2, 2, 2, 2, 1, 1, 2, 2, 2, 2, 2, 2, 2, 2, 2, 2, 2, 2, 2, 2, 2, 2, 2, 2, 2, 2, 2, 2, 2, 2, 2, 2, 2, 2, 2, 2, 2, 2, 2, 2, 2, 2, 2, 2, 2, 2, 2, 2, 2,
        1, 1, 1, 1, 1, 1, 1, 1, 1, 1, 1, 1, 1, 1, 1, 1, 1, 1, 1, 1, 1, 1, 1, 1, 1, 1, 1, 1, 1, 1, 1, 1, 1, 1, 1, 1, 1, 1, 1, 1, 1, 1, 1, 1, 1, 1, 1, 1, 1, 2,
        2, 1, 14, 14, 14, 14, 14, 14, 14, 14, 14, 14, 12, 12, 12, 12, 12, 12, 12, 12, 12, 12, 12, 12, 12, 12, 12, 12, 12, 12, 12, 12, 12, 12, 12, 12, 12, 12, 12, 12, 12, 12, 12, 12, 12, 12, 12, 12, 1, 2,
        2, 1, 14, 14, 14, 14, 14, 14, 14, 14, 14, 14, 12, 12, 12, 12, 12, 12, 12, 12, 12, 12, 12, 12, 12, 12, 12, 12, 12, 12, 12, 12, 12, 12, 12, 12, 12, 12, 12, 12, 12, 12, 12, 12, 12, 12, 12, 12, 1, 2,
        2, 1, 14, 14, 14, 2, 2, 14, 14, 14, 14, 14, 2, 12, 12, 12, 12, 12, 12, 12, 12, 12, 12, 12, 12, 12, 12, 12, 12, 12, 12, 12, 12, 12, 12, 12, 12, 12, 12, 12, 12, 12, 12, 12, 12, 12, 12, 12, 1, 2,
        2, 1, 14, 14, 14, 2, 2, 14, 14, 14, 14, 14, 12, 12, 12, 12, 12, 12, 12, 12, 12, 12, 12, 2, 4, 12, 12, 12, 12, 4, 12, 12, 4, 12, 12, 12, 12, 12, 12, 12, 12, 12, 12, 12, 12, 12, 12, 12, 1, 2,
        2, 1, 14, 14, 14, 14, 14, 14, 14, 2, 2, 14, 12, 12, 12, 12, 12, 12, 12, 12, 12, 12, 12, 2, 11, 11, 11, 11, 11, 11, 11, 11, 11, 12, 12, 12, 12, 1, 1, 1, 1, 12, 12, 12, 12, 12, 12, 12, 1, 2,
        2, 1, 14, 14, 14, 14, 14, 14, 14, 2, 2, 14, 2, 12, 12, 12, 12, 12, 12, 12, 12, 12, 12, 2, 11, 11, 11, 11, 11, 11, 11, 11, 11, 12, 12, 12, 12, 1, 1, 1, 1, 12, 12, 12, 12, 12, 12, 12, 1, 2,
        2, 1, 14, 14, 14, 14, 14, 14, 14, 14, 14, 14, 12, 12, 12, 12, 12, 12, 12, 12, 12, 12, 12, 2, 11, 11, 3, 4, 12, 12, 4, 12, 4, 12, 12, 12, 12, 1, 1, 1, 1, 12, 12, 12, 12, 12, 12, 12, 1, 2,
        2, 1, 12, 12, 12, 2, 12, 2, 12, 12, 12, 12, 12, 12, 12, 12, 12, 12, 12, 12, 12, 12, 12, 2, 11, 11, 3, 12, 12, 12, 12, 12, 12, 12, 12, 12, 12, 12, 12, 12, 12, 12, 12, 12, 12, 12, 12, 12, 1, 2,
        2, 1, 12, 12, 12, 12, 12, 12, 12, 12, 12, 12, 12, 12, 12, 12, 12, 12, 12, 12, 12, 12, 12, 2, 11, 11, 3, 12, 12, 12, 12, 12, 12, 12, 12, 12, 12, 12, 12, 12, 12, 12, 12, 12, 12, 12, 12, 12, 1, 2,
        2, 1, 12, 12, 12, 12, 12, 12, 12, 12, 12, 12, 12, 12, 12, 12, 12, 12, 12, 12, 12, 12, 12, 2, 11, 11, 3, 12, 12, 12, 12, 12, 12, 12, 12, 12, 12, 12, 12, 12, 3, 3, 12, 12, 12, 12, 12, 12, 1, 2,
        2, 1, 12, 12, 12, 12, 12, 12, 12, 12, 12, 12, 12, 12, 12, 12, 12, 12, 12, 12, 12, 12, 12, 2, 11, 11, 3, 12, 12, 12, 12, 12, 12, 12, 12, 12, 12, 12, 12, 12, 3, 3, 12, 12, 12, 12, 12, 12, 1, 2,
        2, 1, 12, 12, 12, 12, 12, 12, 12, 12, 12, 12, 12, 12, 12, 12, 12, 12, 12, 12, 12, 12, 12, 2, 11, 11, 3, 12, 12, 12, 12, 12, 12, 12, 12, 12, 12, 12, 12, 12, 12, 12, 12, 12, 12, 12, 12, 12, 1, 2,
        2, 1, 12, 12, 12, 12, 12, 12, 12, 12, 12, 12, 12, 12, 12, 12, 12, 12, 12, 12, 12, 12, 12, 2, 11, 11, 3, 12, 12, 12, 12, 12, 12, 12, 12, 12, 12, 12, 12, 12, 12, 12, 12, 12, 12, 12, 12, 12, 1, 2,
        2, 1, 12, 12, 12, 12, 12, 12, 12, 12, 12, 12, 12, 12, 2, 2, 2, 2, 2, 2, 2, 2, 2, 2, 11, 11, 3, 12, 12, 12, 12, 12, 12, 12, 12, 12, 12, 12, 12, 12, 12, 12, 12, 12, 12, 12, 12, 12, 1, 2,
        2, 1, 12, 12, 12, 12, 2, 2, 2, 2, 12, 12, 12, 12, 2, 11, 11, 11, 11, 11, 11, 11, 11, 11, 11, 11, 3, 12, 12, 12, 12, 12, 11, 11, 11, 11, 11, 11, 11, 11, 11, 11, 11, 12, 12, 12, 12, 12, 1, 2,
        2, 1, 12, 12, 12, 12, 2, 2, 2, 2, 12, 12, 12, 12, 2, 11, 11, 13, 13, 13, 13, 13, 13, 13, 13, 11, 3, 12, 12, 12, 12, 12, 11, 11, 11, 11, 11, 11, 11, 11, 11, 11, 11, 12, 12, 12, 12, 12, 1, 2,
        2, 1, 12, 12, 12, 12, 2, 2, 2, 2, 12, 12, 12, 12, 2, 11, 11, 2, 2, 2, 2, 2, 2, 2, 2, 2, 2, 12, 12, 12, 12, 12, 11, 11, 12, 12, 12, 12, 12, 12, 12, 12, 12, 12, 12, 12, 12, 12, 1, 2,
        2, 1, 12, 12, 12, 12, 2, 2, 2, 2, 12, 12, 12, 12, 2, 11, 11, 2, 12, 12, 12, 12, 14, 14, 14, 14, 12, 12, 12, 12, 12, 12, 11, 11, 12, 12, 12, 12, 12, 12, 12, 12, 12, 12, 12, 12, 12, 12, 1, 2,
        2, 1, 12, 12, 12, 12, 12, 12, 12, 12, 12, 12, 12, 12, 2, 11, 11, 2, 3, 12, 12, 12, 14, 3, 3, 14, 12, 12, 12, 12, 12, 12, 11, 11, 12, 12, 12, 12, 12, 12, 12, 12, 12, 12, 12, 12, 12, 12, 1, 2,
        2, 1, 12, 12, 12, 12, 12, 12, 12, 12, 12, 12, 12, 12, 2, 11, 11, 2, 12, 12, 12, 12, 14, 3, 3, 14, 12, 12, 12, 12, 12, 12, 11, 11, 12, 12, 12, 12, 12, 14, 14, 14, 14, 14, 14, 14, 14, 14, 1, 2,
        2, 1, 12, 12, 12, 12, 12, 12, 12, 12, 12, 12, 12, 12, 2, 11, 11, 2, 12, 12, 12, 12, 14, 14, 14, 14, 12, 12, 12, 12, 12, 12, 11, 11, 12, 12, 12, 12, 12, 14, 14, 14, 14, 14, 14, 14, 14, 14, 1, 2,
        2, 1, 12, 12, 12, 12, 12, 12, 12, 12, 12, 12, 12, 12, 2, 11, 11, 2, 12, 12, 12, 12, 12, 12, 12, 12, 12, 12, 12, 12, 12, 12, 11, 11, 12, 12, 12, 12, 12, 14, 4, 1, 4, 1, 4, 1, 4, 14, 1, 2,
        2, 1, 12, 12, 12, 12, 12, 12, 12, 12, 12, 12, 12, 12, 2, 11, 11, 2, 12, 12, 12, 12, 12, 12, 12, 12, 12, 12, 12, 12, 12, 12, 11, 11, 12, 12, 12, 12, 12, 14, 14, 14, 14, 14, 14, 14, 14, 14, 1, 2,
        2, 1, 12, 12, 12, 12, 12, 11, 11, 11, 11, 11, 11, 11, 11, 11, 11, 11, 11, 11, 11, 11, 11, 11, 11, 11, 11, 11, 11, 11, 11, 11, 11, 11, 12, 12, 12, 12, 12, 14, 14, 4, 1, 4, 1, 4, 14, 14, 1, 2,
        2, 1, 12, 12, 12, 12, 12, 11, 11, 11, 11, 11, 11, 11, 11, 11, 11, 11, 11, 11, 11, 11, 11, 11, 11, 11, 11, 11, 11, 11, 11, 11, 11, 11, 12, 12, 12, 12, 12, 14, 14, 14, 14, 14, 14, 14, 14, 14, 1, 2,
        2, 1, 12, 12, 12, 12, 12, 3, 12, 12, 12, 12, 12, 3, 12, 12, 12, 12, 12, 12, 12, 12, 12, 12, 12, 12, 12, 12, 12, 12, 12, 12, 12, 12, 12, 12, 12, 12, 12, 12, 12, 12, 12, 12, 12, 12, 12, 12, 1, 1,
        2, 1, 1, 1, 1, 1, 1, 1, 1, 1, 1, 1, 1, 1, 1, 1, 1, 1, 1, 1, 1, 1, 1, 1, 1, 1, 1, 1, 1, 1, 1, 1, 1, 1, 1, 1, 1, 1, 1, 1, 1, 1, 1, 1, 1, 1, 1, 1, 1, 2,
        2, 2, 2, 2, 2, 2, 2, 2, 2, 2, 2, 2, 2, 2, 2, 2, 2, 2, 2, 2, 2, 2, 2, 2, 2, 2, 2, 2, 2, 2, 2, 2, 2, 2, 2, 2, 2, 2, 2, 2, 2, 2, 2, 2, 2, 2, 2, 2, 2, 2
      }
    }
  }
}
