return {
  version = "1.1",
  luaversion = "5.1",
  tiledversion = "1.1.5",
  orientation = "orthogonal",
  renderorder = "right-down",
  width = 50,
  height = 30,
  tilewidth = 32,
  tileheight = 32,
  nextobjectid = 1,
  properties = {},
  tilesets = {
    {
      name = "Tilesets",
      firstgid = 1,
      filename = "../../../../Bureau/imagesTileset/Tilesets.tsx",
      tilewidth = 32,
      tileheight = 32,
      spacing = 0,
      margin = 0,
      image = "../../../../Bureau/imagesTileset/Tilesets.png",
      imagewidth = 800,
      imageheight = 600,
      tileoffset = {
        x = 0,
        y = 0
      },
      grid = {
        orientation = "orthogonal",
        width = 32,
        height = 32
      },
      properties = {},
      terrains = {},
      tilecount = 450,
      tiles = {}
    }
  },
  layers = {
    {
      type = "tilelayer",
      name = "Calque de Tile 1",
      x = 0,
      y = 0,
      width = 50,
      height = 30,
      visible = true,
      opacity = 1,
      offsetx = 0,
      offsety = 0,
      properties = {},
      encoding = "lua",
      data = {
        1, 2, 1, 2, 1, 2, 1, 2, 1, 2, 1, 2, 1, 2, 1, 2, 1, 2, 1, 2, 1, 2, 1, 2, 1, 2, 1, 2, 1, 2, 1, 2, 1, 2, 1, 2, 1, 2, 1, 2, 1, 2, 1, 2, 1, 2, 28, 28, 1, 2,
        26, 27, 26, 27, 26, 27, 26, 27, 26, 27, 26, 27, 26, 27, 26, 27, 26, 27, 26, 27, 26, 27, 26, 27, 26, 27, 26, 27, 26, 27, 26, 27, 26, 27, 26, 27, 26, 27, 26, 27, 26, 27, 26, 27, 26, 27, 28, 28, 26, 27,
        1, 2, 28, 28, 28, 28, 28, 28, 28, 28, 28, 28, 28, 28, 28, 28, 28, 28, 28, 28, 28, 28, 28, 28, 28, 28, 28, 28, 28, 28, 28, 28, 28, 28, 28, 28, 28, 28, 28, 28, 28, 28, 28, 28, 28, 28, 28, 28, 1, 2,
        26, 27, 28, 3, 3, 3, 3, 3, 3, 28, 28, 28, 28, 28, 28, 28, 28, 28, 28, 28, 28, 28, 28, 28, 28, 28, 28, 28, 28, 28, 28, 28, 28, 28, 28, 28, 28, 28, 28, 28, 28, 28, 28, 28, 28, 28, 28, 28, 26, 27,
        1, 2, 28, 3, 3, 3, 3, 3, 3, 28, 28, 28, 28, 28, 28, 28, 28, 28, 28, 28, 28, 28, 28, 28, 28, 28, 28, 28, 28, 28, 28, 28, 28, 28, 28, 28, 28, 28, 28, 28, 28, 28, 28, 28, 28, 28, 28, 28, 1, 2,
        26, 27, 28, 3, 3, 3, 3, 3, 3, 28, 28, 28, 28, 28, 28, 28, 28, 28, 28, 28, 28, 5, 5, 5, 5, 5, 6, 5, 5, 5, 5, 28, 28, 28, 28, 28, 28, 28, 28, 28, 28, 28, 28, 28, 28, 28, 28, 28, 26, 27,
        1, 2, 28, 3, 3, 3, 3, 3, 3, 28, 28, 28, 28, 28, 28, 28, 28, 28, 28, 28, 28, 5, 5, 5, 5, 5, 31, 5, 5, 5, 5, 28, 28, 28, 28, 28, 28, 28, 28, 28, 28, 28, 28, 28, 28, 28, 28, 28, 1, 2,
        26, 27, 28, 3, 3, 3, 3, 3, 3, 28, 28, 28, 28, 28, 28, 28, 28, 28, 28, 28, 28, 5, 5, 29, 30, 28, 28, 28, 28, 28, 28, 28, 28, 28, 28, 28, 28, 28, 28, 28, 28, 28, 28, 28, 28, 28, 28, 28, 26, 27,
        1, 2, 28, 28, 28, 28, 28, 28, 28, 28, 28, 28, 28, 28, 28, 28, 28, 28, 28, 28, 28, 5, 5, 28, 28, 28, 28, 28, 28, 28, 28, 28, 28, 28, 28, 28, 28, 28, 28, 28, 28, 28, 28, 28, 28, 28, 28, 28, 1, 2,
        26, 27, 28, 28, 28, 28, 28, 28, 28, 28, 28, 28, 28, 28, 28, 28, 28, 28, 28, 28, 28, 5, 5, 29, 30, 28, 28, 28, 28, 28, 28, 28, 28, 28, 28, 28, 28, 28, 28, 28, 28, 28, 28, 28, 28, 28, 28, 28, 26, 27,
        1, 2, 28, 28, 28, 28, 28, 28, 28, 28, 28, 28, 28, 28, 28, 28, 28, 28, 28, 28, 28, 5, 5, 28, 28, 28, 28, 28, 28, 28, 28, 28, 28, 28, 28, 28, 28, 28, 28, 28, 28, 28, 28, 28, 28, 28, 28, 28, 1, 2,
        26, 27, 28, 28, 28, 28, 28, 28, 28, 28, 28, 28, 28, 28, 28, 28, 28, 28, 28, 28, 28, 5, 5, 29, 30, 28, 28, 28, 28, 28, 28, 28, 28, 28, 28, 28, 28, 28, 28, 28, 28, 28, 28, 28, 28, 28, 28, 28, 26, 27,
        1, 2, 28, 28, 28, 28, 28, 28, 28, 28, 28, 28, 28, 28, 28, 28, 28, 28, 28, 28, 28, 5, 5, 28, 28, 28, 28, 28, 28, 28, 28, 28, 28, 28, 28, 28, 28, 28, 28, 28, 28, 28, 28, 28, 28, 28, 28, 28, 1, 2,
        26, 27, 28, 28, 28, 28, 28, 28, 28, 28, 28, 28, 28, 28, 28, 28, 28, 28, 28, 28, 28, 5, 5, 29, 30, 28, 28, 28, 28, 28, 28, 28, 28, 28, 28, 28, 28, 28, 28, 28, 28, 28, 28, 28, 28, 28, 28, 28, 26, 27,
        1, 2, 28, 28, 28, 28, 28, 28, 28, 28, 28, 28, 28, 28, 28, 28, 28, 28, 28, 28, 28, 5, 5, 28, 28, 28, 28, 28, 28, 28, 5, 5, 5, 5, 5, 5, 5, 5, 5, 5, 5, 5, 5, 28, 28, 28, 28, 28, 1, 2,
        26, 27, 28, 28, 28, 28, 28, 28, 28, 28, 28, 28, 28, 28, 5, 5, 5, 5, 5, 5, 5, 5, 5, 29, 30, 28, 28, 28, 28, 28, 5, 5, 5, 5, 5, 5, 5, 5, 5, 5, 5, 5, 5, 28, 28, 28, 28, 28, 26, 27,
        1, 2, 28, 28, 28, 28, 28, 28, 28, 28, 28, 28, 28, 28, 5, 5, 4, 4, 4, 4, 4, 5, 5, 28, 28, 28, 28, 28, 28, 28, 5, 5, 28, 28, 28, 28, 28, 28, 28, 28, 28, 28, 28, 28, 28, 28, 28, 28, 1, 2,
        26, 27, 28, 28, 28, 28, 28, 28, 28, 28, 28, 28, 28, 28, 5, 5, 28, 29, 30, 29, 30, 29, 30, 29, 30, 28, 28, 28, 28, 28, 5, 5, 28, 28, 28, 28, 28, 28, 28, 28, 28, 28, 28, 28, 28, 28, 28, 28, 26, 27,
        1, 2, 28, 28, 28, 28, 28, 28, 28, 28, 28, 28, 28, 28, 5, 5, 28, 28, 28, 28, 28, 28, 28, 28, 28, 28, 28, 28, 28, 28, 5, 5, 28, 28, 28, 28, 28, 28, 28, 28, 28, 28, 28, 28, 28, 28, 28, 28, 1, 2,
        26, 27, 28, 28, 28, 28, 28, 28, 28, 28, 28, 28, 28, 28, 5, 5, 28, 28, 28, 28, 28, 28, 28, 28, 28, 28, 28, 28, 28, 28, 5, 5, 28, 28, 28, 28, 28, 3, 3, 3, 3, 3, 3, 3, 28, 28, 28, 28, 26, 27,
        1, 2, 28, 28, 28, 28, 28, 28, 28, 28, 28, 28, 28, 28, 5, 5, 28, 28, 28, 28, 28, 28, 28, 28, 28, 28, 28, 28, 28, 28, 5, 5, 28, 28, 28, 28, 28, 3, 3, 3, 3, 1, 2, 3, 28, 28, 28, 28, 1, 2,
        26, 27, 28, 28, 28, 28, 28, 28, 28, 28, 28, 28, 28, 28, 5, 5, 28, 28, 28, 28, 28, 28, 28, 28, 28, 28, 28, 28, 28, 28, 5, 5, 28, 28, 28, 28, 28, 3, 3, 3, 3, 26, 27, 3, 28, 28, 28, 28, 26, 27,
        1, 2, 28, 28, 28, 28, 28, 28, 28, 28, 28, 28, 28, 28, 5, 5, 28, 28, 28, 28, 28, 28, 28, 28, 28, 28, 28, 28, 28, 28, 5, 5, 28, 28, 28, 28, 28, 3, 1, 2, 3, 3, 3, 3, 28, 28, 28, 28, 1, 2,
        26, 27, 28, 28, 28, 28, 28, 28, 28, 28, 28, 28, 28, 28, 5, 5, 28, 28, 28, 28, 28, 28, 28, 28, 28, 28, 28, 28, 28, 28, 5, 5, 28, 28, 28, 28, 28, 3, 26, 27, 3, 3, 3, 3, 28, 28, 28, 28, 26, 27,
        1, 2, 28, 28, 28, 28, 5, 5, 5, 5, 5, 5, 5, 5, 5, 5, 5, 5, 5, 5, 5, 5, 5, 5, 5, 5, 5, 5, 5, 5, 5, 5, 28, 28, 28, 28, 28, 3, 3, 3, 3, 3, 3, 3, 28, 28, 28, 28, 1, 2,
        26, 27, 28, 28, 28, 28, 5, 5, 5, 5, 5, 5, 5, 5, 5, 5, 5, 5, 5, 5, 5, 5, 5, 5, 5, 5, 5, 5, 5, 5, 5, 5, 28, 28, 28, 28, 28, 3, 3, 3, 3, 3, 3, 3, 28, 28, 28, 28, 26, 27,
        1, 2, 28, 28, 28, 28, 28, 28, 28, 28, 28, 28, 28, 28, 28, 28, 28, 28, 28, 28, 28, 28, 28, 28, 28, 28, 28, 28, 28, 28, 28, 28, 28, 28, 28, 28, 28, 28, 28, 28, 28, 28, 28, 28, 28, 28, 28, 28, 1, 2,
        26, 27, 28, 28, 28, 28, 28, 28, 28, 28, 28, 28, 28, 28, 28, 28, 28, 28, 28, 28, 28, 28, 28, 28, 28, 28, 28, 28, 28, 28, 28, 28, 28, 28, 28, 28, 28, 28, 28, 28, 28, 28, 28, 28, 28, 28, 28, 28, 26, 27,
        1, 2, 1, 2, 1, 2, 1, 2, 1, 2, 1, 2, 1, 2, 1, 2, 1, 2, 1, 2, 1, 2, 1, 2, 1, 2, 1, 2, 1, 2, 1, 2, 1, 2, 1, 2, 1, 2, 1, 2, 1, 2, 1, 2, 1, 2, 1, 2, 1, 2,
        26, 27, 26, 27, 26, 27, 26, 27, 26, 27, 26, 27, 26, 27, 26, 27, 26, 27, 26, 27, 26, 27, 26, 27, 26, 27, 26, 27, 26, 27, 26, 27, 26, 27, 26, 27, 26, 27, 26, 27, 26, 27, 26, 27, 26, 27, 26, 27, 26, 27
      }
    }
  }
}
